irace\test\CMT1.vrp.txt
2 642.006
3 637.851
4 618.787
16 613.976
17 596.986
38 587.983
55 580.798
61 573.517
123 570.808
538 569.129
669 568.264
1046 568.264
6882 568.264
8511 567.774
9752 567.310
11717 565.569
622.264 25.58

irace\test\CMT2.vrp.txt
2 1058.027
3 1055.460
13 1031.282
23 992.465
1104.420 38.04

irace\test\CMT3.vrp.txt
2 1087.620
10 1066.519
26 1059.772
31 1045.819
43 1045.517
45 1004.266
267 1003.785
894 989.746
5397 982.990
5804 981.372
7275 978.714
8932 975.955
1105.022 50.54

irace\test\CMT4.vrp.txt
2 1461.633
8 1445.364
12 1419.697
15 1413.727
23 1409.159
26 1371.560
34 1356.794
62 1353.524
77 1345.710
1607 1323.870
11719 1304.106
1427.500 75.58

irace\test\CMT5.vrp.txt
4 1845.149
6 1835.255
11 1769.896
45 1726.646
46 1721.711
99 1714.623
604 1700.815
754 1699.075
4113 1698.717
7355 1679.065
1817.916 100.10

irace\test\CMT6.vrp.txt
10 624.772
11 618.297
12 608.958
16 604.034
21 602.493
29 591.473
31 585.063
41 584.831
84 582.458
95 574.484
96 565.853
12864 562.529
610.005 25.54

irace\test\CMT7.vrp.txt
2 1055.247
9 1047.381
10 1023.911
13 1016.068
73 1009.753
846 1008.689
1097 1007.019
1283 1006.223
2540 1002.353
2542 999.186
2555 987.175
1061.176 38.05

irace\test\CMT8.vrp.txt
2 1092.552
9 1071.103
27 1062.784
28 1045.518
33 998.765
2014 982.575
8250 976.647
10193 973.653
1055.333 50.53

irace\test\CMT9.vrp.txt
3 1442.015
4 1428.559
5 1381.168
39 1355.429
47 1348.810
51 1307.377
64 1301.704
1457.841 75.55

irace\test\CMT10.vrp.txt
7 1800.074
21 1798.484
31 1768.709
55 1722.886
232 1693.963
652 1653.911
1366 1633.023
1863.251 100.07

irace\test\CMT11.vrp.txt
7 1321.955
8 1303.389
39 1292.055
44 1285.230
57 1279.776
66 1277.743
67 1275.455
155 1269.943
207 1268.850
1739 1266.250
1322.394 60.54

irace\test\CMT12.vrp.txt
2 1081.719
14 1041.692
101 1022.877
159 1017.738
267 1015.856
894 1012.333
908 1007.436
1057 976.357
8180 965.523
1057.676 50.53

irace\test\CMT13.vrp.txt
7 1321.955
8 1303.389
39 1292.055
44 1285.230
57 1279.776
66 1277.743
67 1275.455
155 1269.943
207 1268.850
1739 1266.250
1326.460 60.52

irace\test\CMT14.vrp.txt
2 1081.719
14 1041.692
101 1022.877
159 1017.738
267 1015.856
894 1012.333
908 1007.436
1057 976.357
8180 965.523
1126.947 50.54